tree
version=v4
num_class=1
num_tree_per_iteration=1
label_index=0
max_feature_idx=9
objective=binary sigmoid:1
feature_names=payment_method pincode_tier category order_value discount_percent past_order_count past_return_count past_rto_count past_return_rate past_rto_rate
feature_infos=-1:0:1 -1:1:2:0 -1:2:3:1:4:0 [300.36000000000001:12901.98] [0:50] [0:5] [0:3] [0:3] [0:1] [0:1]
tree_sizes=3277 3354 3341 3348 3358

Tree=0
num_leaves=31
num_cat=6
split_feature=0 1 2 1 1 2 6 4 4 4 3 3 4 3 4 4 8 5 4 4 3 9 3 4 3 4 5 3 5 3
split_gain=77.2533 50.8783 50.4013 12.3299 8.79653 7.21234 5.81087 5.68371 5.65314 5.56622 5.37618 12.3162 9.73646 9.3977 5.24323 5.57993 4.79769 4.40987 4.32229 5.01087 4.7427 4.2791 4.64999 5.32103 4.171 4.1247 4.511 7.21973 5.17682 4.07381
threshold=0 1 2 3 4 5 1.0000000180025095e-35 48.815000000000005 42.295000000000009 9.990000000000002 1669.45 3316.7500000000005 27.195000000000004 654.6450000000001 45.125000000000007 47.82500000000001 0.83333333333333337 1.0000000180025095e-35 35.035000000000004 37.590000000000011 719.95500000000004 0.45000000000000007 1266.7300000000002 13.880000000000001 548.2650000000001 46.605000000000011 1.5000000000000002 916.5100000000001 1.0000000180025095e-35 357.15000000000003
decision_type=1 1 1 1 1 1 2 2 2 2 2 2 2 2 2 2 2 2 2 2 2 2 2 2 2 2 2 2 2 2
left_child=1 -1 29 5 9 7 8 25 10 -4 13 -12 -13 -5 -10 -16 -6 -17 20 -20 -15 22 23 -7 -25 26 28 -28 -3 -2
right_child=2 3 4 6 16 21 -8 -9 14 -11 11 12 -14 18 15 17 -18 -19 19 -21 -22 -23 -24 24 -26 -27 27 -29 -30 -31
leaf_value=-0.67216202431164307 -0.72879153893499371 -0.684484049817078 -0.74708566455696868 -0.71685584823624737 -0.74042522480855288 -0.66609309601385958 -0.72705841124449078 -0.7249625358978361 -0.65946643131487792 -0.7092659587308302 -0.72689974462493767 -0.67073176130314671 -0.73269107623862517 -0.65080079286236336 -0.72352419007170055 -0.70219699333934582 -0.69701753127577393 -0.64069088133442986 -0.63693577133834023 -0.69295795290162299 -0.69797730379873613 -0.66650726255754589 -0.71925449549842746 -0.72960905199655168 -0.69183806921220203 -0.65946643131487792 -0.69956336856125845 -0.65256929050573365 -0.69994630787439538 -0.69855967090455817
leaf_weight=311.13158723711967 11.539830625057219 168.88098280131817 11.983670264482496 47.047001779079437 145.13556209206581 11.31791080534458 25.520779266953468 9.542552247643469 13.759028822183607 51.707317993044853 63.025228798389435 22.191981971263889 8.8767927885055524 5.7699153125286093 11.317910805344583 6.435674771666525 6.6575945913791648 5.3260756731033325 7.767193689942359 8.2110333293676359 69.460903570055962 7.1014342308044425 39.723647728562355 11.761750444769861 19.30702431499958 14.202868461608885 13.093269363045691 21.748142331838608 79.669215276837349 324.22485660016537
leaf_count=1402 52 761 54 212 654 51 115 43 62 233 284 100 40 26 51 29 30 24 35 37 313 32 179 53 87 64 59 98 359 1461
internal_value=-0.697221 -0.688952 -0.712256 -0.696511 -0.730436 -0.690752 -0.704256 -0.687302 -0.702095 -0.716382 -0.70498 -0.714199 -0.688434 -0.698705 -0.683897 -0.698462 -0.738521 -0.674345 -0.689343 -0.665725 -0.694359 -0.703086 -0.706963 -0.695445 -0.706137 -0.685761 -0.687078 -0.670229 -0.68944 -0.69953
internal_weight=1553.44 1002.19 551.249 691.058 215.484 396.349 294.71 307.137 269.189 63.691 232.35 94.094 31.0688 138.256 36.8387 23.0797 151.793 11.7618 91.209 15.9782 75.2308 89.2118 82.1103 42.3867 31.0688 297.594 283.392 34.8414 248.55 335.765
internal_count=7000 4516 2484 3114 971 1786 1328 1384 1213 287 1047 424 140 623 166 104 684 53 411 72 339 402 370 191 140 1341 1277 157 1120 1513
cat_boundaries=0 1 2 3 4 5 6
cat_threshold=1 4 12 2 4 14
is_linear=0
shrinkage=1


Tree=1
num_leaves=31
num_cat=6
split_feature=0 2 1 1 1 2 6 4 4 3 3 4 4 4 3 3 8 3 3 9 3 4 3 3 4 5 3 5 3 4
split_gain=69.8894 46.3227 45.4002 11.1331 8.21204 6.48929 5.32016 5.24117 7.83344 6.97956 10.0081 6.51659 5.17218 5.14178 4.88455 4.47019 4.46098 4.04791 4.01687 3.84329 4.23926 5.05916 3.73899 3.72343 3.64829 4.00799 6.36574 4.64371 3.64661 6.8038
threshold=0 1 2 3 4 5 1.0000000180025095e-35 34.875000000000007 32.715000000000011 3316.7500000000005 1669.45 35.645000000000003 9.990000000000002 48.815000000000005 654.6450000000001 719.95500000000004 0.83333333333333337 445.05500000000006 374.71000000000009 0.45000000000000007 1266.7300000000002 43.085000000000008 3510.3650000000002 357.15000000000003 46.605000000000011 1.5000000000000002 916.5100000000001 1.0000000180025095e-35 1416.7750000000003 39.07500000000001
decision_type=1 1 1 1 1 1 2 2 2 2 2 2 2 2 2 2 2 2 2 2 2 2 2 2 2 2 2 2 2 2
left_child=2 23 28 5 12 13 7 8 9 10 14 -9 -3 24 17 -16 -6 18 -5 20 21 -7 -22 -2 25 27 -27 -4 29 -1
right_child=1 4 3 6 16 19 -8 11 -10 -11 -12 -13 -14 -15 15 -17 -18 -19 -20 -21 22 -23 -24 -25 -26 26 -28 -29 -30 -31
leaf_value=0.03347154831749715 -0.03032586830175299 -0.048217343787689833 0.012048006239096394 -0.020695278862646851 -0.041675533154234307 0.0086676404687737428 -0.028643290398673749 0.06326835774405197 -0.048830588589218321 0.018147092549179955 -0.029944065854816654 0.0025124339148493054 -0.011490225099700699 -0.026611357622440032 0.048202297965642626 0.0017747860559420424 0.00019364204515291504 -0.032042510286869462 0.03143202202681665 0.028877925730997768 -0.029618365845049545 -0.041013165137919382 0.0067159779014140698 -0.0012719620239229393 0.035415828090303546 -0.002226684424743634 0.041791780472023789 -0.0025911112360036954 0.017663715332465236 0.0086276488457959245
leaf_weight=137.61250622570515 11.415860712528227 11.778602778911589 169.59732827544212 8.3769283890724164 142.99025765061378 36.445200979709625 25.261876657605171 4.6875398159027091 11.693948045372961 24.57874208688736 46.352614432573318 75.494285896420479 51.49735751748085 9.4526345282793027 5.6322757154703131 65.227888941764832 6.6580492258071891 20.060539036989212 6.6133645176887503 7.1734042167663565 30.176094874739647 5.962772160768508 9.2510655820369703 324.07934193313122 14.37915515899658 13.082980453968046 22.066232264041901 79.596360206604004 141.64018933475018 34.459066599607468
leaf_count=615 52 54 761 38 654 164 115 21 53 110 211 340 233 43 25 294 30 91 30 32 137 27 42 1461 64 59 98 359 633 154
internal_value=-4.71733e-06 -0.0143612 0.00783047 0.000670383 -0.0319281 0.00612987 -0.00670569 -0.00464336 -0.00919718 -0.00657637 -0.0105673 0.00606431 -0.0183269 0.00939052 -0.00208692 0.00546505 -0.0398127 -0.0173543 0.00230206 -0.00558681 -0.00929057 0.00168227 -0.021093 -0.00219515 0.0108441 0.00960151 0.0254076 0.00737204 0.0236054 0.0284963
internal_weight=1553.29 548.419 1004.87 691.163 212.924 397.183 293.98 268.718 188.536 176.842 152.264 80.1818 63.276 308.175 105.911 70.8602 149.648 35.0508 14.9903 89.0085 81.8351 42.408 39.4272 335.495 298.722 284.343 35.1492 249.194 313.712 172.072
internal_count=7000 2484 4516 3114 971 1786 1328 1213 852 799 689 361 287 1384 478 319 684 159 68 402 370 191 179 1513 1341 1277 157 1120 1402 769
cat_boundaries=0 1 2 3 4 5 6
cat_threshold=1 12 4 2 4 14
is_linear=0
shrinkage=0.05


Tree=2
num_leaves=31
num_cat=6
split_feature=0 2 1 1 1 2 6 4 4 4 4 4 3 3 3 4 4 3 8 3 4 4 4 3 5 9 4 3 4 5
split_gain=63.2384 42.5812 40.5483 10.0528 7.67165 5.84068 4.87078 4.89686 4.80983 4.6526 4.65091 5.03942 4.63964 10.675 7.90825 6.37362 4.94307 4.29398 4.1499 4.13933 3.71767 4.19498 4.19128 5.55185 3.65149 3.45417 3.99207 3.42054 3.23399 3.5679
threshold=0 1 2 3 4 5 1.0000000180025095e-35 42.295000000000009 9.990000000000002 48.815000000000005 45.125000000000007 47.82500000000001 1669.45 2780.4600000000005 654.6450000000001 27.375000000000004 17.875000000000004 2492.4450000000006 0.83333333333333337 1024.7900000000002 35.035000000000004 37.590000000000011 31.405000000000005 719.95500000000004 1.5000000000000002 0.45000000000000007 11.085000000000003 346.48000000000008 46.605000000000011 1.5000000000000002
decision_type=1 1 1 1 1 1 2 2 2 2 2 2 2 2 2 2 2 2 2 2 2 2 2 2 2 2 2 2 2 2
left_child=2 27 -1 5 8 9 7 12 -3 28 -9 -12 14 17 -5 16 -15 -14 -6 -13 22 -22 23 -16 -10 26 -7 -2 29 -4
right_child=1 4 3 6 18 25 -8 10 24 -11 11 19 13 15 20 -17 -18 -19 -20 -21 21 -23 -24 -25 -26 -27 -28 -29 -30 -31
leaf_value=0.022252313801786376 -0.033114863143539675 -0.046646905764618884 0.0069858033593498924 -0.018106366533400212 -0.04021147095249733 0.01260927002022689 -0.027496186287217578 0.035261997324396013 -0.0057339000838489713 -0.02552580280628889 -0.025322315129421298 0.056482377283292501 -0.025564882234700853 0.00023721801699467797 0.055759886339802334 -0.024260290018013542 0.04315176069295712 -0.066879464373554839 0.00018394823596918025 -0.0034689556891592658 0.054815927707943295 0.0039153897595260887 -0.033483413434371508 0.0022751511462421902 -0.045013593109607536 0.027179071752459594 -0.014559045720287576 -0.0013257286438629248 0.033267582833232008 0.023942057254502751
leaf_weight=316.07593338191509 8.687211871147154 11.571701467037199 249.7932775914669 46.476292565464973 140.8419224023819 17.11062303185463 25.006600096821785 13.94092997908592 44.470160305500031 9.3641969412565214 11.226622983813288 4.9226235747337324 41.61563178896904 18.516936197876934 5.2580476850271216 15.100320130586622 10.523551121354101 7.4088209420442572 6.6584810614585868 6.9360202848911285 7.9661002755165127 8.2296168953180295 7.2904769033193579 62.824744135141373 6.8246285617351523 7.2389440536499015 64.453127413988113 326.54702273011208 14.538043975830076 35.423155963420868
leaf_count=1402 40 54 1120 212 654 77 115 62 202 43 51 22 191 83 23 69 47 34 30 31 35 37 33 283 31 32 293 1473 64 157
internal_value=-8.80567e-06 -0.0137184 0.00741742 0.000633283 -0.0306952 0.00580982 -0.0063911 -0.00442356 -0.0175288 0.00889239 0.0124583 -0.00131267 -0.00712703 -0.0157487 -0.00130835 0.00208796 0.0157884 -0.0318085 -0.0383879 0.0214174 0.00721757 0.0289516 0.00254751 0.00640579 -0.01096 -0.00532248 -0.00885962 -0.00208725 0.0102643 0.00909173
internal_weight=1552.84 545.601 1007.24 691.165 210.367 397.921 293.243 268.237 62.8665 309.119 37.0262 23.0853 231.211 93.1653 138.045 44.1408 29.0405 49.0245 147.5 11.8586 91.569 16.1957 75.3733 68.0828 51.2948 88.8027 81.5638 335.234 299.754 285.216
internal_count=7000 2484 4516 3114 971 1786 1328 1213 287 1384 166 104 1047 424 623 199 130 225 684 53 411 72 339 306 233 402 370 1513 1341 1277
cat_boundaries=0 1 2 3 4 5 6
cat_threshold=1 12 4 2 4 14
is_linear=0
shrinkage=0.05


Tree=3
num_leaves=31
num_cat=6
split_feature=0 2 1 1 1 2 4 6 4 4 3 3 4 4 3 3 4 8 5 4 9 3 3 5 4 4 3 4 4 4
split_gain=57.2293 39.1468 36.2485 9.083 7.16901 5.2569 4.47506 4.45761 4.42226 6.97612 5.76988 8.52877 5.61332 4.21071 3.94888 5.1538 3.95998 3.86185 3.37162 3.35533 5.45646 5.98689 4.40506 4.56516 3.22312 7.82284 3.19606 5.96247 4.94552 4.84938
threshold=0 1 2 3 4 5 9.990000000000002 1.0000000180025095e-35 34.875000000000007 32.715000000000011 3316.7500000000005 1690.1300000000003 35.645000000000003 48.815000000000005 601.56500000000017 445.05500000000006 12.025 0.83333333333333337 1.5000000000000002 43.085000000000008 0.45000000000000007 1266.7300000000002 2492.4450000000006 1.0000000180025095e-35 8.2850000000000019 10.830000000000002 1416.7750000000003 39.07500000000001 48.815000000000005 21.930000000000003
decision_type=1 1 1 1 1 1 2 2 2 2 2 2 2 2 2 2 2 2 2 2 2 2 2 2 2 2 2 2 2 2
left_child=2 -2 26 5 6 13 -3 8 9 10 11 14 -10 -4 15 16 -5 -6 -8 20 21 -7 -23 -24 -16 -26 27 29 -28 -1
right_child=1 4 3 7 17 19 18 -9 12 -11 -12 -13 -14 -15 24 -17 -18 -19 -20 -21 -22 22 23 -25 25 -27 28 -29 -30 -31
leaf_value=0.021429189347919136 -0.0019845929448458698 -0.045144825047800041 0.0097181891831526219 -0.026796868446816016 -0.038805915940551695 0.0085901143730534313 -0.0054583341153212539 -0.026393101790292452 0.058055516176358603 -0.046360111954587273 0.016367395889588278 -0.028006607377916954 0.0022663850527331183 -0.024482189271959384 0.020149845840989337 -0.038759588623327103 0.025314429593031724 0.00017473960696992759 -0.043470570582142203 -0.027931746405753979 0.045606951184272673 -0.037392238252137111 -0.024772783426516974 0.032428131741595305 -0.06438878986765588 0.0032548048145679301 0.013782566347482365 0.0070070762022094741 0.066860109373131943 0.040080661323741301
leaf_weight=74.67813503742218 334.98280255496502 11.364215970039366 300.72904625535011 6.3540765047073391 138.70124700665474 36.458856120705605 44.381818801164627 24.755662456154823 4.7948770672082892 11.383232727646826 24.826684832572937 44.572748422622681 75.568861559033394 9.2774547785520536 22.02973835170269 14.509359672665594 8.55257999897003 6.6588914394378653 6.716316580772399 14.17951789498329 5.7020779699087134 18.033792540431023 8.1144512593746168 6.1180182993412009 4.6698853075504294 50.43908603489399 138.90055152773857 34.798085749149323 4.5318287611007682 65.343368157744408
leaf_count=328 1513 54 1341 29 654 164 202 115 21 53 110 207 340 43 99 67 39 30 31 65 25 83 37 28 21 227 613 154 20 287
internal_value=-1.23717e-05 -0.0131044 0.00702844 0.000598242 -0.0295126 0.00550821 -0.0167661 -0.00609395 -0.00421679 -0.00842585 -0.00597172 -0.00964151 0.00559503 0.00842298 -0.00195923 -0.0175463 0.00310159 -0.0370202 -0.0104546 -0.00506826 -0.00139338 -0.00529297 -0.02098 -0.000184201 0.00398473 -0.00247725 0.0209913 0.0255299 0.0154596 0.0301332
internal_weight=1552.13 542.805 1009.32 691.07 207.822 398.613 62.4624 292.457 267.701 187.337 175.954 151.127 80.3637 310.007 106.555 29.416 14.9067 145.36 51.0981 88.6067 74.4272 68.7251 32.2663 14.2325 77.1387 55.109 318.252 174.82 143.432 140.022
internal_count=7000 2484 4516 3114 971 1786 287 1328 1213 852 799 689 361 1384 482 135 68 684 233 402 337 312 148 65 347 248 1402 769 633 615
cat_boundaries=0 1 2 3 4 5 6
cat_threshold=1 12 4 2 4 14
is_linear=0
shrinkage=0.05


Tree=4
num_leaves=31
num_cat=6
split_feature=0 2 1 1 1 4 2 4 6 4 4 4 3 3 3 4 4 3 5 9 3 3 8 3 4 4 3 5 3 5
split_gain=51.8024 35.9839 32.4306 8.20482 6.70048 4.76259 4.59563 4.16518 4.07932 4.24873 4.13394 4.55374 4.01349 9.22035 6.71856 5.56835 4.30754 4.09924 3.85126 3.67131 3.91971 4.11608 3.59458 3.55304 3.21241 4.70249 4.88414 3.71014 3.14887 3.11432
threshold=0 1 2 3 4 48.815000000000005 5 9.990000000000002 1.0000000180025095e-35 42.295000000000009 45.125000000000007 47.82500000000001 1669.45 2780.4600000000005 654.6450000000001 27.375000000000004 17.875000000000004 2492.4450000000006 1.0000000180025095e-35 0.45000000000000007 1266.7300000000002 458.15500000000003 0.83333333333333337 4239.9750000000013 34.57500000000001 31.405000000000005 719.95500000000004 1.0000000180025095e-35 357.15000000000003 1.5000000000000002
decision_type=1 1 1 1 1 2 1 2 2 2 2 2 2 2 2 2 2 2 2 2 2 2 2 2 2 2 2 2 2 2
left_child=2 28 -1 5 7 6 -4 -3 9 12 -11 -12 14 17 -5 16 -15 -14 -13 20 21 -8 -6 -22 25 26 -16 -26 -2 -9
right_child=1 4 3 8 22 -7 19 29 -10 10 11 18 13 15 24 -17 -18 -19 -20 -21 23 -23 -24 -25 27 -27 -28 -29 -30 -31
leaf_value=0.019814118403305561 -0.028036718984668155 -0.043704103250528176 0.0089077255075945532 -0.016758229128540882 -0.037453924310853891 -0.026068830102484272 -0.024781848689994751 -0.0051955696387154362 -0.025331713037621675 0.032990176015243788 -0.024370415105131524 -0.0060023626295374714 -0.023667806468433035 -2.3430029918510971e-05 0.051736472298770264 -0.02297961490291912 0.039822942532425458 -0.064664704126983497 0.050980997018991003 0.030482425200740133 -0.02621450604589709 0.011876832160493702 0.00016599358062085028 0.01540249432056155 0.009485670588989914 -0.040125248451598768 0.0019705908128640126 0.058177599930681327 -0.0010446343944725941 -0.041992727547272173
leaf_weight=320.23214334249496 11.178181409835814 11.157218903303145 301.66063053905964 45.949349641799927 136.57739210128784 11.800649076700209 10.106620296835898 44.297288000583649 24.509653225541115 14.103364229202269 11.13620835542679 6.4798238426446897 40.90239953994751 18.539615675807003 5.3491709977388373 14.926988229155539 10.695306986570357 7.1655330955982199 5.4666951894760132 6.9076679646968833 31.032083004713058 31.594556778669357 6.6592812538146964 6.1440046429634085 11.572858870029451 6.049663081765174 62.945348158478737 5.9100181311368933 323.57964143157005 6.6078396886587134
leaf_count=1402 52 54 1341 212 654 55 46 202 115 62 51 29 191 83 23 69 47 34 24 30 144 142 30 28 51 28 283 26 1461 31
internal_value=-1.63026e-05 -0.0125189 0.00666116 0.000565189 -0.0283768 0.00522246 0.00617551 -0.0160362 -0.00580911 -0.0040183 0.0116625 -0.00136859 -0.00655347 -0.0146261 -0.00114955 0.0018674 0.014554 -0.0297793 0.0200731 -0.00400389 -0.00753164 0.0029923 -0.0357049 -0.0193366 0.00666089 0.00212582 0.00586851 0.0259458 -0.00188951 -0.0099721
internal_weight=1551.24 540.057 1011.18 690.948 205.299 399.246 387.446 62.0623 291.702 267.192 37.1861 23.0827 230.006 92.2298 137.776 44.1619 29.2349 48.0679 11.9465 85.7849 78.8773 41.7012 143.237 37.1761 91.8271 74.3442 68.2945 17.4829 334.758 50.9051
internal_count=7000 2484 4516 3114 971 1786 1731 287 1328 1213 166 104 1047 424 623 199 130 225 53 390 360 188 684 172 411 334 306 77 1513 233
cat_boundaries=0 1 2 3 4 5 6
cat_threshold=1 12 4 2 4 14
is_linear=0
shrinkage=0.05


end of trees

feature_importances:
discount_percent=51
order_value=42
pincode_tier=15
past_order_count=12
category=10
payment_method=5
past_return_count=5
past_return_rate=5
past_rto_rate=5

parameters:
[boosting: gbdt]
[objective: binary]
[metric: auc]
[tree_learner: serial]
[device_type: cpu]
[data_sample_strategy: bagging]
[data: ]
[valid: ]
[num_iterations: 500]
[learning_rate: 0.05]
[num_leaves: 31]
[num_threads: 0]
[seed: 42]
[deterministic: 0]
[force_col_wise: 0]
[force_row_wise: 0]
[histogram_pool_size: -1]
[max_depth: -1]
[min_data_in_leaf: 20]
[min_sum_hessian_in_leaf: 0.001]
[bagging_fraction: 1]
[pos_bagging_fraction: 1]
[neg_bagging_fraction: 1]
[bagging_freq: 0]
[bagging_seed: 400]
[bagging_by_query: 0]
[feature_fraction: 1]
[feature_fraction_bynode: 1]
[feature_fraction_seed: 30056]
[extra_trees: 0]
[extra_seed: 12879]
[early_stopping_round: 0]
[early_stopping_min_delta: 0]
[first_metric_only: 0]
[max_delta_step: 0]
[lambda_l1: 0]
[lambda_l2: 0]
[linear_lambda: 0]
[min_gain_to_split: 0]
[drop_rate: 0.1]
[max_drop: 50]
[skip_drop: 0.5]
[xgboost_dart_mode: 0]
[uniform_drop: 0]
[drop_seed: 17869]
[top_rate: 0.2]
[other_rate: 0.1]
[min_data_per_group: 100]
[max_cat_threshold: 32]
[cat_l2: 10]
[cat_smooth: 10]
[max_cat_to_onehot: 4]
[top_k: 20]
[monotone_constraints: ]
[monotone_constraints_method: basic]
[monotone_penalty: 0]
[feature_contri: ]
[forcedsplits_filename: ]
[refit_decay_rate: 0.9]
[cegb_tradeoff: 1]
[cegb_penalty_split: 0]
[cegb_penalty_feature_lazy: ]
[cegb_penalty_feature_coupled: ]
[path_smooth: 0]
[interaction_constraints: ]
[verbosity: 1]
[saved_feature_importance_type: 0]
[use_quantized_grad: 0]
[num_grad_quant_bins: 4]
[quant_train_renew_leaf: 0]
[stochastic_rounding: 1]
[linear_tree: 0]
[max_bin: 255]
[max_bin_by_feature: ]
[min_data_in_bin: 3]
[bin_construct_sample_cnt: 200000]
[data_random_seed: 175]
[is_enable_sparse: 1]
[enable_bundle: 1]
[use_missing: 1]
[zero_as_missing: 0]
[feature_pre_filter: 1]
[pre_partition: 0]
[two_round: 0]
[header: 0]
[label_column: ]
[weight_column: ]
[group_column: ]
[ignore_column: ]
[categorical_feature: 0,1,2]
[forcedbins_filename: ]
[precise_float_parser: 0]
[parser_config_file: ]
[objective_seed: 16083]
[num_class: 1]
[is_unbalance: 0]
[scale_pos_weight: 1]
[sigmoid: 1]
[boost_from_average: 1]
[reg_sqrt: 0]
[alpha: 0.9]
[fair_c: 1]
[poisson_max_delta_step: 0.7]
[tweedie_variance_power: 1.5]
[lambdarank_truncation_level: 30]
[lambdarank_norm: 1]
[label_gain: ]
[lambdarank_position_bias_regularization: 0]
[eval_at: ]
[multi_error_top_k: 1]
[auc_mu_weights: ]
[num_machines: 1]
[local_listen_port: 12400]
[time_out: 120]
[machine_list_filename: ]
[machines: ]
[gpu_platform_id: -1]
[gpu_device_id: -1]
[gpu_use_dp: 0]
[num_gpu: 1]

end of parameters

pandas_categorical:[["COD", "Prepaid"], ["Tier_1", "Tier_2", "Tier_3"], ["Beauty", "Electronics", "Fashion", "Footwear", "Home"]]
